57_Angler_peoplefishing_57_53.jpg
782 290 811 326 0.981520
49_Greeting_peoplegreeting_49_56.jpg
442 76 526 204 0.998959
714 74 765 145 0.998711
580 63 628 124 0.996883
806 61 848 114 0.985172
910 67 944 120 0.912099
225 101 279 231 0.773768
35_Basketball_basketballgame_ball_35_290.jpg
907 135 940 176 0.999445
471 175 507 225 0.998580
639 115 674 164 0.994086
411 256 453 309 0.993212
153 310 162 321 0.983939
10 270 19 281 0.979860
143 328 154 341 0.968653
57 202 79 228 0.952800
138 303 146 314 0.947349
4 316 17 332 0.942535
34 268 42 278 0.930066
768 231 781 246 0.912942
53 284 61 295 0.768451
5 225 12 234 0.666392
163 253 171 262 0.656919
103 213 110 221 0.610201
125 285 132 295 0.607893
35 235 42 244 0.537081
778 308 788 320 0.528016
50_Celebration_Or_Party_houseparty_50_17.jpg
814 103 867 174 0.999742
645 135 695 205 0.999667
722 353 789 442 0.999667
498 387 559 465 0.999656
476 100 527 177 0.999612
385 388 448 477 0.999599
356 156 407 224 0.999395
224 56 285 140 0.999304
195 391 270 493 0.998755
34 400 120 514 0.998739
926 386 1004 490 0.995993
21 71 31 83 0.938683
12_Group_Group_12_Group_Group_12_935.jpg
364 0 382 22 0.995872
980 151 996 173 0.995414
696 593 721 624 0.995164
1005 88 1021 112 0.994703
413 167 430 188 0.994598
300 156 318 178 0.993560
944 112 963 136 0.993083
442 59 459 83 0.992838
627 2 644 25 0.992495
881 117 900 140 0.992347
298 190 316 214 0.992129
649 561 670 588 0.991999
753 664 775 692 0.991900
570 220 588 243 0.991643
943 422 965 452 0.991323
484 114 503 137 0.991178
650 159 666 180 0.991038
905 559 926 586 0.990789
570 644 587 665 0.990608
614 493 635 522 0.990136
683 4 703 28 0.989343
689 187 708 210 0.989285
243 453 261 476 0.988967
913 25 931 46 0.988899
632 639 653 666 0.988892
696 149 714 174 0.988785
808 664 828 690 0.988783
75 602 94 626 0.988659
174 665 195 691 0.988635
626 663 646 689 0.988359
941 375 962 402 0.988223
375 656 397 686 0.987993
463 530 484 557 0.987512
772 128 790 152 0.987390
145 600 165 626 0.987104
895 635 916 661 0.987098
464 561 485 587 0.986919
783 562 803 587 0.986764
552 257 573 282 0.986059
918 500 940 528 0.986043
562 422 580 446 0.985727
576 393 595 417 0.985684
53 192 71 216 0.985658
444 407 463 430 0.985566
10 159 28 182 0.985327
726 509 746 537 0.985127
361 482 381 510 0.985037
113 534 132 559 0.984732
1006 461 1024 492 0.983782
222 160 238 182 0.983715
925 242 946 268 0.983565
263 411 284 437 0.983550
170 538 188 561 0.983050
281 387 300 411 0.982990
235 319 255 342 0.982514
608 92 626 113 0.982295
226 348 246 370 0.982236
871 461 890 487 0.981992
833 316 853 341 0.981624
33 89 51 113 0.981519
136 279 155 304 0.981486
592 161 611 183 0.981351
205 289 223 313 0.981150
36 218 53 241 0.980936
621 427 641 452 0.980672
214 2 229 20 0.980601
281 563 299 587 0.980473
405 559 425 586 0.980463
892 321 911 343 0.980416
251 631 271 656 0.980291
544 321 563 344 0.980113
976 227 996 249 0.979947
194 637 212 662 0.979915
217 62 235 86 0.979889
570 201 589 221 0.979780
149 389 168 412 0.979727
178 315 197 340 0.979672
989 195 1006 216 0.979379
357 278 375 302 0.979098
784 287 802 310 0.978802
456 1 476 26 0.978668
533 527 552 553 0.978569
557 286 577 312 0.978224
412 349 431 375 0.978210
946 688 964 709 0.978086
554 65 571 87 0.977941
218 570 237 594 0.977883
636 191 654 215 0.977845
294 492 314 519 0.977766
320 426 338 448 0.977723
524 391 543 414 0.977659
113 672 133 695 0.977554
38 353 56 375 0.977390
760 378 781 405 0.977319
615 257 634 277 0.977183
243 663 263 689 0.976914
364 117 384 143 0.976726
93 86 111 111 0.976477
523 610 543 633 0.976389
0 48 17 71 0.976323
763 421 784 447 0.976218
22 605 42 632 0.975970
720 558 740 584 0.975902
111 184 131 208 0.975743
122 154 142 178 0.974833
385 203 403 224 0.974561
737 455 756 480 0.974462
951 319 971 343 0.974446
19 563 38 589 0.974374
817 429 838 455 0.974352
476 323 493 341 0.973948
823 92 842 118 0.973912
53 676 73 701 0.973402
65 156 84 181 0.973361
854 22 872 47 0.973241
912 530 932 556 0.973105
618 219 637 244 0.972962
831 606 851 631 0.972943
387 641 406 666 0.972926
589 563 611 588 0.972905
596 348 616 373 0.972825
99 355 118 381 0.972681
62 637 83 665 0.972301
654 312 673 337 0.972208
702 390 721 415 0.971678
677 491 699 518 0.971544
206 602 225 627 0.971307
145 82 165 109 0.971263
832 384 851 410 0.971122
56 35 73 54 0.970481
889 663 910 690 0.970405
514 184 534 209 0.970143
41 392 59 416 0.970031
153 564 173 589 0.969321
774 322 790 344 0.969184
810 456 829 482 0.968385
428 116 447 138 0.968051
536 353 555 379 0.968047
327 58 346 83 0.967602
501 66 519 88 0.967596
720 131 737 153 0.967033
0 635 19 661 0.966820
552 668 573 692 0.966495
304 284 323 310 0.966445
124 631 143 657 0.966240
922 217 940 240 0.966101
264 111 280 131 0.965803
757 177 776 203 0.965747
1009 121 1024 145 0.965702
340 561 358 586 0.965655
508 456 529 482 0.965439
960 351 981 375 0.965261
411 524 431 548 0.964766
950 612 969 638 0.964397
793 490 812 515 0.964081
367 91 385 114 0.963556
20 108 38 133 0.963256
614 457 634 483 0.962857
687 453 707 478 0.962201
846 221 866 245 0.961799
69 319 88 345 0.961222
688 218 708 242 0.960635
49 523 69 548 0.960456
435 492 454 516 0.960073
399 381 419 408 0.959973
543 490 564 514 0.959770
938 469 957 495 0.959759
820 180 839 203 0.959125
789 25 808 47 0.958319
422 97 440 117 0.957171
124 15 143 40 0.957138
633 608 653 631 0.957046
442 647 461 671 0.956267
550 92 568 114 0.956252
471 158 490 184 0.955962
512 627 532 653 0.955746
436 593 454 615 0.955594
969 30 987 54 0.955532
862 488 880 510 0.955082
223 524 242 550 0.954722
765 641 785 665 0.954540
1000 677 1019 701 0.954503
508 0 529 19 0.954178
357 150 376 176 0.953955
232 195 250 221 0.953878
772 604 791 629 0.953240
22 456 42 480 0.953094
358 194 375 213 0.952851
296 321 316 342 0.952821
655 115 674 140 0.952530
719 349 737 373 0.951706
746 494 766 519 0.951690
831 352 851 376 0.951276
463 384 483 410 0.951072
113 485 130 511 0.950969
778 351 794 371 0.950585
875 426 895 452 0.950105
324 253 339 270 0.949746
276 598 294 623 0.949613
805 0 823 19 0.949410
582 609 600 632 0.947171
795 264 816 283 0.946618
209 93 224 112 0.946601
599 530 619 554 0.946020
115 317 133 339 0.945814
988 246 1008 269 0.945573
306 670 325 692 0.945155
743 259 760 281 0.944019
234 488 253 511 0.943860
357 351 376 378 0.943794
84 572 103 596 0.943686
500 496 518 517 0.942906
394 58 413 85 0.942616
219 383 239 409 0.942506
0 488 15 512 0.942460
660 540 680 561 0.942266
685 670 705 693 0.940497
975 525 996 550 0.940423
344 383 363 409 0.940190
847 529 866 554 0.940029
704 285 724 310 0.939566
781 530 800 551 0.937296
669 355 688 381 0.936869
736 233 752 255 0.936862
614 286 632 309 0.936808
719 30 737 55 0.936457
800 230 817 252 0.934859
978 492 998 517 0.933890
305 93 325 116 0.932530
596 316 616 339 0.932473
895 609 914 631 0.931291
137 120 156 142 0.931283
306 126 323 147 0.931139
326 596 345 622 0.930919
959 66 975 86 0.927594
429 291 449 313 0.926916
381 418 400 444 0.924657
263 253 281 273 0.924233
77 292 95 313 0.924096
743 0 761 18 0.923719
432 455 453 478 0.918967
489 260 507 284 0.918499
663 60 679 85 0.915564
512 425 532 449 0.914703
183 174 201 198 0.913055
904 60 922 86 0.912870
286 347 306 372 0.912593
339 25 358 49 0.909696
77 493 95 515 0.908318
846 554 866 580 0.906417
40 269 57 290 0.904277
509 662 525 683 0.903982
486 95 504 116 0.903633
460 190 479 215 0.901966
631 380 652 405 0.898414
933 149 950 170 0.894868
477 347 494 372 0.893261
22 291 42 314 0.891927
927 0 945 18 0.889123
535 123 554 145 0.888502
696 644 719 668 0.888362
459 52 476 74 0.881457
358 322 378 345 0.876559
830 642 849 664 0.872822
421 330 438 350 0.866116
191 0 209 18 0.864832
1011 388 1023 415 0.860405
670 91 687 113 0.857977
246 133 264 154 0.852504
951 94 967 114 0.849096
890 88 908 112 0.848793
61 1 78 14 0.846524
532 163 552 187 0.844805
824 67 843 90 0.844556
382 611 402 633 0.837347
667 307 682 326 0.834396
562 461 579 484 0.828490
615 62 633 87 0.825546
594 137 610 154 0.820545
688 425 708 448 0.812230
324 624 342 647 0.805294
973 291 994 315 0.798555
156 350 176 375 0.789798
9 0 24 13 0.785823
316 536 335 560 0.778831
864 0 882 15 0.773791
264 5 282 26 0.773581
43 426 59 448 0.759498
490 290 510 311 0.752271
171 186 186 207 0.739848
843 285 859 303 0.685036
527 331 541 348 0.684700
898 363 918 388 0.680762
399 19 417 44 0.678395
961 567 981 591 0.641068
530 569 549 591 0.620222
294 0 310 11 0.610418
188 443 206 461 0.606880
439 258 453 278 0.603409
0 668 11 696 0.553774
171 23 183 38 0.550639
0 25 10 42 0.510224
459 626 474 648 0.508027
10_People_Marching_People_Marching_10_People_Marching_People_Marching_10_848.jpg
760 126 811 201 0.999645
643 162 688 223 0.998813
244 219 277 261 0.998384
482 155 523 214 0.998359
130 184 163 229 0.997614
582 201 608 240 0.995944
989 192 1024 246 0.995138
361 199 402 249 0.995092
723 181 757 227 0.993960
3 227 28 265 0.815460
12_Group_Large_Group_12_Group_Large_Group_12_228.jpg
203 409 218 428 0.997778
781 411 798 432 0.996086
564 405 581 424 0.996078
338 412 354 432 0.996008
294 407 310 427 0.995828
828 406 844 428 0.995202
699 415 716 437 0.995200
430 415 445 435 0.994931
526 408 542 428 0.994517
484 397 500 418 0.993149
906 413 923 434 0.992518
156 414 172 434 0.992121
870 420 886 440 0.990961
654 418 671 440 0.986057
248 411 264 431 0.984952
393 412 408 431 0.984612
743 407 760 429 0.981110
306 475 322 493 0.976684
111 411 127 431 0.976560
607 412 623 432 0.952230
464 501 478 517 0.625706
59_peopledrivingcar_peopledrivingcar_59_856.jpg
185 254 206 275 0.963015
559 246 573 264 0.832381
7_Cheering_Cheering_7_413.jpg
927 381 982 450 0.999593
428 362 458 399 0.999580
485 429 543 515 0.999349
843 376 879 420 0.999242
270 338 297 377 0.999225
616 369 656 416 0.998929
734 360 766 399 0.998917
545 348 574 385 0.998779
45 384 79 424 0.998161
155 381 187 431 0.997959
342 411 384 474 0.997601
732 455 812 557 0.997078
167 335 188 364 0.994665
493 393 529 434 0.991575
68 330 89 356 0.988246
750 386 792 437 0.987925
321 347 341 374 0.984679
383 339 399 359 0.978994
249 333 263 352 0.970565
202 332 214 349 0.954717
13 345 31 368 0.944347
38 335 58 359 0.930890
1004 374 1024 414 0.915581
343 335 357 355 0.880564
350 285 362 299 0.876761
5 337 17 355 0.519444
0_Parade_marchingband_1_311.jpg
831 326 842 338 0.971853
475 295 494 323 0.965844
265 299 277 316 0.964002
414 310 423 323 0.945340
718 344 730 358 0.923081
614 340 626 356 0.910722
543 336 554 349 0.898835
337 321 346 332 0.862825
204 294 214 307 0.836313
770 333 780 348 0.748453
665 332 673 343 0.732430
223 313 236 332 0.678045
412 337 423 350 0.616952
